RDA2
A
2
197123
131840
1026
1
262153
15
matrices.haynes
526
176
0.3266817919999881
0.08393790369673765
0.02032814579148016
0.09421955888308044
0.4358047436517568
0.1620299690410156
0.01411770384619194
0.05746451591428332
0.8584533515622051
0.4508988186769972
0.02973268979086497
0.09532319455082824
0.4551410417966501
0.1692191055417611
0.05751195642259864
0.3181278962389901
0.3227040450314769
0.05904836425070814
0.01493247160996552
0.1439438821808202
0.2673082645898421
0.09938384211464542
0.08321903773420937
0.1455963621171184
0.8137217120066498
0.2476242042942085
0.2721840643884518
0.04808390808638113
0.5100871991817419
0.1896478051135661
0.09025374885984144
0.2100112468448504
0.2373270527295744
0.08308539549704233
0.04371174059045053
0.06246234251771834
0.3403725637958336
0.126548773912199
0.1622833555938915
0.05419410673753425
0.5167330002469679
0.4949023412008404
0.2494208427431072
0.04406018855879223
0.4647423060227275
0.1727888063492151
0.2063140552362311
0.1561548323918263
0.3360731510910507
0.08677971295584216
0.143995624542399
0.09979005284262046
0.07098654835859994
0.02639243468644639
0.7413251923861929
0.0119461226320002
1.73342002929773
0.5629596739756501
0.1309509508640888
0.09476424088471161
0.4356597940025588
0.161976077504693
0.1720282033358613
0.2303359251568868
0.4147772830251754
0.1400125924205088
0.10465177439905
0.2799304060930683
0.5042948795819733
0.1874942503872868
0.1556562851428423
0.1021522980487803
0.1257874746980982
0.05944465320237532
0.8694713626371114
0.01120645352428771
0.2614790096099369
0.09721655500342256
0.1634936120083689
0.4778108233782716
0.4145393883672481
0.07785411857550306
0.3682682859289188
0.1147085151940931
0.1155756752376719
0.04297044342321022
0.7608012396497325
0.01867738476376198
1.309026946047084
0.4773739829984781
0.4931409268955263
0.09280907078295524
0.3716877729995101
0.1381916081210877
0.1753856450957861
0.314734973783616
0.5574184704288871
0.09788185229165483
0.06444589146944806
0.1626050573331059
0.5659050213410761
0.2104005851788534
0.04068206324875974
0.09568851125978177
0.6324353113341398
0.1145989111981248
0.8453280444573587
0.02056618258823516
0.2772697239197591
0.103087461614757
0.09321118801727615
0.5264316264482076
0.3979810348223259
0.1219329441831625
0.143597031124585
0.1324274796267995
0.1549074722650699
0.0575938038788029
0.7210639979321536
0.02798825389344705
2.274825049882332
0.897775667644928
0.2295011732556019
0.1194579641793338
0.4090241835105862
0.1520730941015304
0.2326907940177439
0.2062119283701395
0.4981083088740069
0.08636974523787776
0.02889814049373108
0.09142257973102735
0.4588772880202691
0.1706082227295867
0.09535187440015924
0.08429173477917989
0.4820262063323191
0.05744295176112202
0.7128827554059527
0.01532357219489812
0.4411651792015464
0.1640229514920575
0.1511730970810259
0.2436387722253703
0.7518269785982984
0.08449739594032613
0.05189886938485825
0.103624473528666
0.4426725055261924
0.164583367690538
0.2601035031016069
0.1080428952177947
0.6407297618484687
0.4169225144083009
0.2237120994702161
0.1206753517538757
0.4411651792015464
0.1640229514920575
0.1511730970810259
0.2436387722253703
0.741144453178048
0.05689581862223791
0.145186071879873
0.04593361980595179
0.3134940720682226
0.116555488511033
0.4966734181619462
0.04156081256405197
0.5662042853292695
0.2143965525141563
0.5344734853826294
0.09341983803625827
0.3939548067274509
0.1464703770838608
0.3607169730702877
0.09885784311840057
1026
1
262153
3
dim
13
2
16
11
1026
1
262153
8
dimnames
19
2
254
16
11
262153
7
yrs0405
262153
7
yrs0506
262153
7
yrs0607
262153
7
yrs0708
262153
7
yrs0809
262153
7
yrs0910
262153
7
yrs1011
262153
7
yrs1112
262153
7
yrs1213
262153
7
yrs1314
262153
7
yrs1415
254
254
