RDA2
A
2
197123
131840
1026
1
262153
15
matrices.devitt
526
416
0.435713658616375
0.2859155706289147
0.04854715000804727
0.1225879167814821
0.1459616792557088
0.1813513078186696
0.4992556546036793
0.05405304887944425
0.2017131147866329
0.1420603380792855
0.8698302288049662
0.008229151858871667
0.2357001263860585
0.2928475911698284
0.1805635414118163
0.2908887410322968
0.3747577737197112
0.3352048079162014
0.05229949991093275
0.1247850783617602
0.2225310256001633
0.2764855318779916
0.2335305935402803
0.1434601032510666
0.300633240821598
0.4242943449512586
0.3333987565973031
0.09958014239029926
0.2357001263860585
0.2928475911698284
0.1805635414118163
0.2908887410322968
0.2092930452588267
0.1439406169715031
0.3003840713100258
0.06688924281183578
0.09363114824316748
0.1206115530400819
0.615142571784749
0.07170868222943895
0.3013458145929504
0.3552510829943135
0.6987278320604413
0.03568634848072397
0.2077486775282703
0.2676127667860393
0.2266954053544587
0.2979431503312316
0.413586587138854
0.2963759944970586
0.05229949991093275
0.1247850783617602
0.2758455534057874
0.327687154727096
0.2077731022346634
0.08313235578378714
0.1694421346079859
0.3908334649936018
0.3047262488072798
0.1059385989990053
0.2333109489138909
0.2771587218729033
0.254550147546767
0.2349801816664388
0.3439270699100986
0.2785918589028988
0.125049201849231
0.105751396350778
0.2089228723279002
0.2595779681564315
0.3726962244695166
0.05989689034358898
0.6128333219822077
0.3224993683464886
0.8712947001942397
0.01670436035272061
0.1743321148960776
0.2166003925990165
0.393915934458829
0.2151515580460769
0.3548305498992843
0.2542714400673539
0.04077614304728508
0.1551009544941876
0.2598037072983029
0.3227952866460551
0.08231671925627621
0.2346245560142147
0.3281598340564232
0.6187117783001611
0.1879560424216924
0.1382540027647607
0.2357001263860585
0.2928475911698284
0.1805635414118163
0.2908887410322968
0.3056256701527711
0.2475665076277982
0.2137122104661671
0.09397440389832146
0.1835636054668845
0.2226885928282251
0.3316757654319759
0.1357878239218739
3.0157474709034
2.004738900843652
1.661905375770982
0.03787503807738767
0.2603528283734996
0.3158447713089965
0.2692917749055951
0.1545106254119088
0.3664529963392719
0.2064322945546556
0.03017934956054069
0.1742465702980635
0.1791647787128305
0.230792237584398
0.2461085083076447
0.2342950876331409
0.1741087439329838
0.5596331845607792
0.2665545027678768
0.1175807039372556
0.2296127274016281
0.2957770802698689
0.1453106744103783
0.3292995179181248
0.3750701427106531
0.3423331806231658
0.03895175144832738
0.1111523074558089
0.2748595242332856
0.3311707263947716
0.1295859942004221
0.1529705667567821
0.8335208590653597
0.8354213821181116
0.2412066071198313
0.1232875667425782
0.2737122697400174
0.3297884308204956
0.08304080472446168
0.3134584947150252
0.3666108685048933
0.395619999762882
0.03296858026110975
0.1256395921375162
0.1680018757475313
0.2467682536733721
0.4408806514480791
0.06103675286437268
4.91108048077426
1.976989860572234
0.7501620377467879
0.02896527391451862
0.261394390962826
0.3839471261311743
0.1093120136964772
0.2453464692095227
0.4369849811002525
0.2289010458025844
0.02962421212878404
0.1319179019777252
0.3304989315701188
0.410631158661254
0.09700872509715711
0.04762127296637762
0.6489918308556825
0.6319744571138476
0.06764541914070202
0.1498615461067083
0.1665283214580026
0.2069045042455923
0.1805635414118163
0.4460036328845888
0.3921141477262881
0.2328841620198559
0.1392247905275416
0.1369394456273419
0.1246076311989736
0.1417812539686036
0.5564068394304075
0.07306452485662532
3.998088629225783
2.151297084746416
0.4783602212195732
0.08151362510978365
0.2409749675702395
0.2741865225139885
0.1335396358046552
0.3512988741111168
0.4753985104154311
0.2570581660195881
0.05053803365666104
0.1349170219991739
0.224486224210325
0.2891733429114187
0.143556224125816
0.2395440332547603
0.5012977257072473
0.2641061447892631
0.8014392107933398
0.02249035723897394
0.1790800644543939
0.2306831123790962
0.1883692078088506
0.4018676153576594
0.3206862282710441
0.2792870053804228
0.02221721184820697
0.1744408536929601
0.3014494235792
0.3936471721015045
0.1320337468768787
0.08439117654314524
0.2408214952605039
0.3811138286804867
0.4266514188253502
0.1043993975757917
0.1611875897370529
0.2104865158621802
0.3654286551072448
0.2628972392935222
0.3378368101172178
0.337632847233182
0.0290120454423441
0.2245472875361852
0.1436195477778264
0.1831985074873287
0.3129393768330809
0.1903267365962896
0.2146964007645546
0.4573046890456882
0.571443335195909
0.0723759436420346
0.1687131562948636
0.2152074623888166
0.0863022462271443
0.5297771350891755
0.4534575532281661
0.2389160298801187
0.09231908718265128
0.1281066406869212
0.1671200796384769
0.2295389525492533
0.2972005924792871
0.1664387575065469
0.2513317614172433
0.3006831261704027
0.3979879050840003
0.09224588986662594
0.2034339436456023
0.2794159411507622
0.2027913121877396
0.3143588030158959
0.3974866410956854
0.3461728128109973
0.02897130833346868
0.09691716996957572
0.3313959702501622
0.3678275448105073
0.05845666145462675
0.09288358054761006
0.4541426036852601
0.734451730337097
0.2215256117769587
0.1214996702854439
0.2953777150861233
0.327849670742377
0.2426346653596981
0.1341379488118017
0.3413034481984868
0.2133061708768761
0.2047669155630458
0.09599170367013411
0.1036791552932506
0.132251262458041
0.5642120396778965
0.03910109254650536
0.3743271083707456
0.1178484008619567
1.026977740855683
0.01906081633826942
0.2903542073882964
0.3703705955020049
0.1059465004962702
0.2333286966134285
0.3464639113568663
0.2280776161213924
0.2238358546404816
0.1000773765812872
0.09409033655813062
0.116903324728284
0.53818354951
0.1089549714680747
0.07703556146841951
0.05046124487335406
0.8748176303178112
0.009049763958412631
0.1833594894212925
0.2278165294964866
0.2765389896879029
0.3122849913943179
0.4042524101037714
0.2760361034765986
0.09929262136716381
0.130022599913883
0.09901076035988539
0.1262963419936141
0.577722059293702
0.09140900450413235
0.03880349251988519
0.09420088482910347
0.8828177011665578
0.0146882932248326
0.1962533942306887
0.2503372936948864
0.3435442343236363
0.2098650777507885
0.4799573698285819
0.2374190764176145
0.04289480494413273
0.1418802257433044
0.2229548577170379
0.2843971994257816
0.1819134802167269
0.1913561531979557
0.1858535411599213
0.3197864219116261
0.3242018075578195
0.08255024267826025
0.2844922645423972
0.3628932068250398
0.1239964904117194
0.2286180382208434
0.4176417753381196
0.2577663452892529
0.03054527914616293
0.1143769081589874
0.3569544590330574
0.4041559515132562
0.05261674189313058
0.05817586158049447
0.2715014363422741
0.4956525432464623
0.1036186751768818
0.1559251575481944
0.2271938914505264
0.2572366335636204
0.2053522476195931
0.3102172273662603
0.200815907138532
0.219717888856902
0.1749655419700861
0.10679486795623
0.06162975252506175
0.08219284615919628
0.7065036276398439
0.04134693438099716
1.318998827761313
0.5486642957857324
0.6906816212693324
0.03966557481201887
0.2284078986541623
0.3046174048482932
0.1034941324465831
0.3634805640509615
0.3693640344775723
0.2308366986727555
0.04916730791829704
0.1093714434787287
0.284402158971136
0.2983393180708273
0.1711179370626404
0.07450232600001254
0.1876096573135905
0.2188049171517673
0.3582744432327628
0.07588819648060093
0.2592377486817596
0.2719417230858012
0.1883692078088506
0.2804513204235886
0.5452061737709331
0.2097398229128825
0.06970311761166501
0.1005744056255116
0.326720132093552
0.3881229519777742
0.09589779829028187
0.08547736602339664
0.508607982535616
0.268634869499717
0.08558844781160294
0.1608936522002749
0.2787675905854642
0.3311583509729405
0.1093120136964772
0.2807620447451182
0.3467862937233065
0.1989188470773282
0.2561304735685172
0.09591471511120275
0.2538773549257182
0.3154320406294093
0.2379458890869091
0.08531438601135358
0.4966066182705202
0.2974969865692096
0.4783602212195732
0.08151362510978365
0.2144188516342264
0.2664064935613803
0.254550147546767
0.2646245072576262
1026
1
262153
3
dim
13
2
16
26
1026
1
262153
8
dimnames
19
2
254
16
26
262153
7
yrs8990
262153
7
yrs9091
262153
7
yrs9192
262153
7
yrs9293
262153
7
yrs9394
262153
7
yrs9495
262153
7
yrs9596
262153
7
yrs9697
262153
7
yrs9798
262153
7
yrs9899
262153
7
yrs9900
262153
7
yrs0001
262153
7
yrs0102
262153
7
yrs0203
262153
7
yrs0304
262153
7
yrs0405
262153
7
yrs0506
262153
7
yrs0607
262153
7
yrs0708
262153
7
yrs0809
262153
7
yrs0910
262153
7
yrs1011
262153
7
yrs1112
262153
7
yrs1213
262153
7
yrs1314
262153
7
yrs1415
254
254
