RDA2
A
2
197123
131840
1026
1
262153
18
matrices.reservoir
526
176
0.4273894171611745
0.3525125163106871
0.02821743685339912
0.0930313166794447
0.4264436579764251
0.2667224461938358
0.1982971386229596
0.06395452004307949
0.1339836591756
0.4022904348705851
0.4721832312884827
0.0522128907695578
0.26161466595705
0.1636288929594191
0.2322978060507122
0.3368089175186931
0.3770612156394212
0.2958596270041435
0.09241471051172596
0.1202123642347131
0.1383365139037132
0.09098246465014904
0.6597527206528765
0.02461994495260784
0.1396635079628617
0.09067958440903416
0.8693916452356751
0.01801724265184493
0.1730136931773167
0.1137892793398955
0.2728899983088106
0.4346573116598518
0.3184365760862676
0.1640198332299238
0.03013692670198596
0.1798874949490774
0.2681165976752806
0.1655212676582969
0.4010439240976879
0.03940003541392885
0.08245209521832501
0.3308155899307867
0.533366501497533
0.06528126180992502
0.3162161665450475
0.1952154443044725
0.2588233976481076
0.2240952739882467
0.3598633718692048
0.2808841292421272
0.09364618183953936
0.09052159152979206
0.2360329166201421
0.1830789776512967
0.4627910693951693
0.03783926531543608
0.1803349759769139
0.2943003032865204
0.6270924971757849
0.04039956180427378
0.30588618004439
0.2372606750028547
0.2350634960704211
0.2161399313682087
0.4478495851117077
0.1901244185277189
0.07823132228181418
0.07833154870455583
0.1988533706919785
0.1204518327205009
0.6148243734773245
0.03040104437784892
0.06520437526390513
0.1185740588789183
0.8057234305768652
0.0216064376883607
0.1863312135006044
0.1128667624847463
0.2770644796597051
0.4180878268408187
0.4112385456544232
0.3144992647080592
0.02351359918119432
0.07566386493698689
0.2908583992650134
0.2060560444786874
0.3410350620888946
0.04154073183621773
0.1475194699442754
0.5099321237094274
0.3201798197045278
0.06663469315829428
0.3096028495759724
0.2193353834861345
0.2422388875085958
0.2231731619151718
0.417105958262135
0.2635596532060877
0.09905003125868736
0.09632558918995451
0.1705510951717016
0.09762925716413791
0.6595230298515729
0.03081199586269404
0.2485445388968996
0.1281917677851549
0.7149674471265596
0.02526399576134828
0.1080875117161574
0.06187297400198347
0.2597939888649539
0.5645958079027796
0.3633149281676233
0.1871357074001813
0.1065339732843152
0.08203195389856312
0.1736255623002411
0.1602837622774112
0.5236134038534391
0.03167226604247487
0.07530749139712758
0.2563050921777069
0.5475379037631067
0.04547790848624502
0.1516535886989774
0.1400001672421332
0.1943106796705514
0.5083858468742125
0.2622539693061797
0.1461614257821529
0.01963599974826074
0.08625450636432289
0.2491813792558875
0.1509371136468475
0.1322174893450058
0.05255014653817986
0.2453355935476701
0.2419899472119757
0.07775358696108121
0.1211387953456795
0.1066340117935773
0.06459162400003518
0.1676413049405784
0.6554833417516837
0.5994869370647795
0.2523480250253463
0.02448760724604075
0.09130558331323349
0.4742498956826948
0.1594886637822739
0.2803574591706675
0.05992296541323531
0.8254728628961026
0.3399021630378587
0.3994541650489016
0.08824477292796906
0.5109807236526988
0.1718411191562904
0.1753738463541427
0.1361545933227426
0.7656515687580684
0.1344746997642234
0.03082250413907891
0.04325986014349131
0.3373298499694753
0.2224821824983151
0.3638221090110936
0.04741379734334588
0.4521635551330164
0.1945809184711626
0.4535716296914169
0.06035552595529181
0.3696441627434217
0.2437947311284803
0.283866096563947
0.09704529205002559
1026
1
262153
3
dim
13
2
16
11
1026
1
262153
8
dimnames
19
2
254
16
11
262153
7
yrs0405
262153
7
yrs0506
262153
7
yrs0607
262153
7
yrs0708
262153
7
yrs0809
262153
7
yrs0910
262153
7
yrs1011
262153
7
yrs1112
262153
7
yrs1213
262153
7
yrs1314
262153
7
yrs1415
254
254
