RDA2
A
2
197123
131840
1026
1
262153
14
matrices.sheep
526
416
0.3679993906338106
0.3989915418800397
0.0938764802733285
0.05632025058241194
0.2262734233377383
0.2270185599673557
0.4337539483867701
0.06348789300906349
0.8356938761276667
0.2976474751905251
0.5854908578323119
0.04298823745124699
0.2849591908795539
0.285897584474075
0.1464981204792894
0.2826451041670817
0.6303928404788182
0.04411499285919886
0.03895173506159938
0.1693506159869545
0.5099408357523061
0.221195926080962
0.01694639606234981
0.1241096405016576
0.9932466314315695
0.604547807612154
0.1081335740524008
0.07687487272515187
0.3465087234813037
0.1503043345656052
0.03864233502885907
0.464544606924232
0.2718469907615483
0.3511750311283285
0.1385029264127595
0.06650725197544918
0.1881348774645453
0.1887544207871306
0.4898014036293005
0.06897012667701249
9.852695460758586
2.166452178661854
0.7479608981835292
0.0212161975261653
0.3547774029664514
0.3559457135634774
0.07176001751791627
0.2175168659521549
0.3674213015091094
0.02117615709647577
0.007566977931792229
0.354532421594235
0.3763317900897102
0.1632406212375456
0.01435287665137166
0.3677448341125179
0.5299910277872617
0.2543336820267028
0.01911390393100474
0.2872921244177742
0.3465087234813037
0.1503043345656052
0.03864233502885907
0.464544606924232
0.2653294818108675
0.3621904956581
0.1738992461989521
0.08024597139873219
0.1480072143207856
0.1097661066782225
0.6280095149915296
0.05071869114302688
20.22801613206371
2.70596229923973
0.1806775690087502
0.098114809021805
0.2704187647978072
0.2005497848250545
0.1804858045613936
0.3485456458157446
0.682026806661687
0.07620617538308624
0.008887130673362949
0.1145450823485156
0.4734029856428019
0.2926713497428656
0.03985222360310026
0.1383008620960265
0.905452713701022
0.7713587669101125
0.01699388874558477
0.04744302798956184
0.3772813379009511
0.233246180833301
0.02235722120989122
0.3671152600558566
0.3813566605921888
0.314496417717298
0.07839409018008973
0.1055405259401123
0.2197844969703495
0.1358771011837344
0.4836827948973488
0.06851966882289118
10.2018524078572
1.861492262511201
0.585489748631823
0.04298823745124699
0.4343786591368725
0.2685453880196027
0.05546503651916004
0.2416109163243649
0.2955396701908243
0.184304685495623
0.006697760198697294
0.1168682939476518
0.4698736517537118
0.1606101143943099
0.1332416019164566
0.1505481856602865
0.416371808111057
0.5187852164431349
0.1919101752442439
0.05502358506650973
0.386301305446949
0.1320437879990482
0.02730703250329878
0.4543478740507039
0.3306800743850375
0.1913300296603465
0.008687705182090994
0.3200814721168945
0.4430119072202665
0.2655190377557564
0.03126979591329812
0.1584270135012053
0.9798070377919874
0.5911275031264436
0.09941684820409537
0.1406210661915574
0.4277823493447585
0.2563912073596765
0.02188961337402377
0.2939368299215412
0.1303848046878507
0.4005429182928706
0.1307016310303579
0.1582373107326475
0.1024695214154179
0.2354229720639898
0.4984573855200879
0.08758536076257972
1.707510274274883
0.5558748863626084
0.3705862387698799
0.1213050017697089
0.2147011104705633
0.4932742227564827
0.1101949568837244
0.1818297098892296
0.271416419777954
0.4145958980927261
0.01418322875321854
0.1634005361601262
0.2551217119562346
0.221321384618557
0.3507034551147511
0.06711851080143243
0.6397031139759781
0.5076031206253456
0.4680132286839518
0.04481731528336388
0.3145076542602155
0.2728394576073802
0.1397014857857471
0.272951402346657
0.3737759087154787
0.1446432329189242
0.009800723747259137
0.2882104459176633
0.342217400188793
0.3452336160823284
0.01224241424956282
0.2191379528110927
0.3352780822634489
0.5322638994885238
0.03579721838557147
0.2167968972539787
0.1701930087842219
0.1716930460639756
0.03003168938714853
0.628082255764654
0.2098579456741998
0.2336727345646552
0.2345909760099032
0.1457837235512857
0.1091931219227424
0.2442021059781734
0.4462660375459216
0.1133775602730531
7.251383056165012
1.861492262511201
0.585489748631823
0.04298823745124699
0.1319165777198744
0.2950213852793709
0.305219255606314
0.2678427813944407
0.4061839368342973
0.2568056042428751
0.01094280461020718
0.160216780190639
0.4141906156153202
0.4153699097636646
0.01494184543814159
0.1149883879864679
0.216306412146584
0.664299393312107
0.04864969883670595
0.1194510260829627
0.2552868497418266
0.2560137090107227
0.02144598589369017
0.4672534553537604
0.2015633472540966
0.3522580925167123
0.1458034902706803
0.1096461444758876
0.2156767325870915
0.190506180424839
0.3816228720173825
0.1321071287639438
1.02510126724571
0.961759531049817
0.6966615719313227
0.02561194169990924
0.2695971549065904
0.238133820086127
0.1698376101569923
0.3224314148502904
0.2590949243092466
0.257956002615412
0.01335359185361058
0.168303637504704
0.2587463818567529
0.4336498839949686
0.02963888681736504
0.1659811861139788
0.1879645359217433
0.7139170133907292
0.05529186946853407
0.1140949047041766
0.2556735804194089
0.4284999762850261
0.02188961337402377
0.2939368299215412
0.2583149350233292
0.2115431530572549
0.2560791226968931
0.1756437958695587
0.07222770657271262
0.04992003172208614
0.8007322777747595
0.03324054130055994
2.455876361517008
0.5188443017011233
0.9347089097921758
0.01247066514696057
0.2488453420896734
0.1719889493999661
0.3061458391436259
0.2730198693667346
0.3927518852784634
0.1226874895937044
0.01253714722969811
0.2146801697108785
0.3166534778131085
0.4118324931994021
0.07258870088252836
0.1441238659401338
0.3024035908519235
0.3871708029934195
0.007730834861078009
0.2215605738633344
0.1951015842108434
0.2537447951231013
0.02814168257382796
0.5230119380922273
0.4613280410719505
0.141138936248426
0.1195060238231006
0.1155383708745975
0.4252116678115759
0.09726345649886906
0.2232778582151212
0.190314170074395
12.76340739324269
1.287627708154711
0.1037261362435
0.09968656107641866
0.5114585888227625
0.1169916866603476
0.08206633271535053
0.2894833918015393
0.3731930872470561
0.2129209859212299
0.01755923763473664
0.243060339923082
0.2955045732678572
0.3514744392047792
0.04975919031154994
0.2230913201043403
0.3788347602240066
0.580099878099698
0.1138031031198845
0.1086164156479219
0.1973323040642045
0.234707910408835
0.02188961337402377
0.5460701721529367
0.3450904962183021
0.2433979355047946
0.048291996728637
0.1581613266379125
0.3492038586884766
0.2058022971313898
0.2710346934084659
0.08161220902615721
4.87381816021828
0.710787969464945
0.2680777971710356
0.0719115322241568
0.4148447247977026
0.244487554166376
0.09110756067686487
0.2495601603590565
0.6070922641947186
0.1311391445413267
0.05952669428942347
0.06768682650549382
0.4464455159591623
0.1289015405528255
0.2669130999944413
0.06080740189854724
1.743324345579284
0.2180351655152918
0.5422732916595271
0.03251689732366979
0.5095160297703696
0.1471117948909306
0.1397014857857471
0.2036706895529526
0.5337118128094378
0.07425917931443646
0.01357355080658457
0.07710433912016494
0.5202242481259219
0.1321211898082037
0.1089611476201907
0.1054098893673185
0.9519077759901762
0.3713621275538877
0.2580547473919327
0.07968813978206979
0.5318215278715253
0.1350665473228669
0.03674780819923253
0.2963641166063754
0.2009070111064747
0.01405950510731241
0.004620945776284523
0.1589277771008329
0.3605162782959654
0.0915602065941359
0.01838606621920567
0.1371558100074643
0.3323419413010869
0.2798642036703857
0.03659337453093171
0.2868516319768974
0.3757978258522247
0.09544125645391657
0.02904642088516108
0.4997144968086977
0.8046554519639691
0.05675618204343906
0.01113887314052143
0.07070922243239343
0.569804325486123
0.05249913243201192
0.1232476952641342
0.1769303484565337
0.4528686641447246
0.5239924684752679
0.1806775690087502
0.098114809021805
0.6305508016489432
0.05809603149754494
0.01919166998840581
0.2921614968651061
0.8316513748514921
0.05292632374620345
0.01065847762906176
0.05074615000134642
0.6011611321850989
0.09039567903990342
0.08756139035398769
0.1433633000598128
0.4528686641447246
0.5239924684752679
0.1806775690087502
0.098114809021805
0.6823639095692962
0.1026060163497854
0.03003168938714853
0.1849983846937698
1026
1
262153
3
dim
13
2
16
26
1026
1
262153
8
dimnames
19
2
254
16
26
262153
7
yrs8990
262153
7
yrs9091
262153
7
yrs9192
262153
7
yrs9293
262153
7
yrs9394
262153
7
yrs9495
262153
7
yrs9596
262153
7
yrs9697
262153
7
yrs9798
262153
7
yrs9899
262153
7
yrs9900
262153
7
yrs0001
262153
7
yrs0102
262153
7
yrs0203
262153
7
yrs0304
262153
7
yrs0405
262153
7
yrs0506
262153
7
yrs0607
262153
7
yrs0708
262153
7
yrs0809
262153
7
yrs0910
262153
7
yrs1011
262153
7
yrs1112
262153
7
yrs1213
262153
7
yrs1314
262153
7
yrs1415
254
254
