RDA2
A
2
197123
131840
1026
1
262153
13
VR4.reservoir
526
220
2004
2005
2006
2007
2008
2009
2010
2011
2012
2013
2014
0.9943502824858744
0.9943502824858744
0.9943502824858744
0.9943502824858744
0.9943502824858744
0.9943502824858744
0.9943502824858744
0.9943502824858744
0.9943502824858744
0.9943502824858744
0.9943502824858744
0.2336176799487279
0.2744405096628382
0.2602939851347449
0.2363990841162761
0.278638709657772
0.2436152448239859
0.2612700910744142
0.1954147176232252
0.1685938123550137
0.1763702886629732
0.2854789721126061
0.4419760160012418
0.6024688000055958
0.3046731242701955
0.2846617842364835
0.582874811119244
0.2967288667683513
0.7686215648900945
0.6354508515393651
0.792882815544082
0.1662497079474484
0.1365903618587924
0.3847886453032928
0.3967506973208464
0.3817039075473012
0.4368260127037226
0.3772310361159411
0.4146710707909454
0.3640432877121356
0.4800218217330328
0.3772310361159411
0.2516631841321468
0.3974230091439057
0.9011506870047054
0.8855479173900038
0.6924808309672549
0.8249152744806635
0.7945368746257966
0.8249152744806635
0.8760412319168644
0.7390165627506829
0.5143059012009162
0.9676281526494001
0.974208632804862
0.03131267307489916
0.1043587915424182
0.04352023240829758
0.1135221818974022
0.09846153750719099
0.02850425965987552
0.1130654901276235
0.1441564081971135
0.038179611982694
0.0253068362872585
0.03163850442418814
0.1065732307290615
0.1515664243940325
0.271592285806004
0.1237869786111913
0.1093549372167084
0.09441440824130132
0.1239725612186581
0.1296983589188982
0.1743678079281285
0.0968101559817728
0.04585594257642211
0.451995951262
0.4396648286919768
0.3399681920743824
0.4383694493618052
0.2980127990217834
0.4333510810894324
0.3872087097768596
0.3399681920743824
0.3578744277025623
0.2962405116669153
0.1493953731457989
0.9554177628362999
0.9136916441593466
0.8740818248451941
0.9197422289820442
0.9645306212676529
0.8794902376688133
0.9585153780501064
0.8891949944735663
0.5848861287859206
0.9740189840488716
0.9710479388222298
0.2075501904363647
0.7220737158649297
0.4588173700656863
0.5031747535473923
0.6374337526674683
0.3877644656896317
0.6880672391435501
0.5888622935438768
0.2260568046287176
0.2878357236994064
0.3746695651837418
0.08447071443804505
0.09695223013726194
0.08329149810547512
0.08280811750132377
0.0869330890424249
0.07714798505089709
0.1030527906427713
0.08663528704700356
0.116089655786811
0.08638646265375154
0.07808264242990595
0.3847886453032928
0.3967506973208464
0.3817039075473012
0.4368260127037226
0.3772310361159411
0.4146710707909454
0.3640432877121356
0.4800218217330328
0.3772310361159411
0.2516631841321468
0.3974230091439057
0.9080754634878699
0.9651572276430602
0.9275398032619772
0.9477255773184813
0.9573188026045362
0.930976474072317
0.8934392191194975
0.856451479130661
0.633182371262511
0.9515306304864593
0.9588391341073677
0.5034367216833678
0.8852101231350848
0.5604421118891377
0.6342826313112484
0.8304117290281104
0.3289112528307531
0.7824559264729365
0.6336087458070344
0.113978129476037
0.4073558586963382
0.4619852968338903
0.1157927045959328
0.1626247606108621
0.1601179077835217
0.1165597122392637
0.133085508457369
0.1066551274861697
0.1299839620655596
0.1449281075250773
0.2159285127422764
0.1564848224074308
0.1169976512611769
0.9527515301437042
0.7357205778124657
0.8907467413838167
0.7878280320549329
0.7971484990577555
0.8864254098395564
0.6500497704309266
0.891572963224848
0.5345898077504215
0.6803565807893137
0.3422973863729954
0.1151455034385623
0.1151455034385623
0.04504091973671259
0.1153678891424228
0.03665432418502104
0.08412972703317791
0.1893685110025437
0.04621451986736105
0.04061345574741682
0.6734267094462404
0.1525707895801854
0.02242455226874875
0.02242455226874875
0.02580059016172479
0.05306724754934244
0.006380507143580114
0.015188724149585
0.01826938426476495
0.01707964059961511
0.006837451389100137
0.01627403598691033
0.03865965785846029
0.0150246969090447
0.0150246969090447
0.01353413529615515
0.02596662423324656
0.01075466847491206
0.01397118126144494
0.01589063518315626
0.004882756226549046
0.005584644667378612
0.01184258799122198
0.01060204770487435
1026
1
262153
3
dim
13
2
11
20
1026
1
262153
8
dimnames
19
2
16
11
262153
11
(Intercept)
262153
11
(Intercept)
262153
0

262153
0

262153
0

262153
0

262153
0

262153
0

262153
0

262153
0

262153
0

16
20
262153
4
Year
262153
5
Dsurv
262153
4
DtoF
262153
4
DtoD
262153
4
DtoM
262153
5
Ssurv
262153
4
StoF
262153
4
StoD
262153
4
StoM
262153
5
Msurv
262153
4
MtoF
262153
4
MtoD
262153
4
MtoM
262153
5
Fsurv
262153
4
FtoF
262153
4
FtoD
262153
4
FtoM
262153
10
Fec.toSRec
262153
10
Fec.toMRec
262153
10
Fec.toFRec
254
254
