RDA2
A
2
197123
131840
1026
1
262153
10
VR4.haynes
526
220
2004
2005
2006
2007
2008
2009
2010
2011
2012
2013
2014
1
1
1
1
1
1
1
1
1
1
1
0.05751195642259864
0.09025374885984144
0.2063140552362311
0.1720282033358613
0.1634936120083689
0.1753856450957861
0.09321118801727615
0.2326907940177439
0.1511730970810259
0.1511730970810259
0.3607169730702877
0.3375405114227998
0.2308459601582853
0.196746374837599
0.2781929602975607
0.5711980568677402
0.3816753515286249
0.5805449069195587
0.2687468451602392
0.2870299838371489
0.2870299838371489
0.1546386169412093
0.2710280376848623
0.2710280376848623
0.2710280376848623
0.2710280376848623
0.2710280376848623
0.2710280376848623
0.2710280376848623
0.2710280376848623
0.2710280376848623
0.2710280376848623
0.2710280376848623
0.5251674003712863
0.5406287630729707
0.4265865313347856
0.6666385414319124
0.9393720559378024
0.9753703080657631
0.882351271523096
0.7959384897568728
0.7047987743366432
0.9918477174521486
0.9891599634861108
0.03870793536900508
0.02762056447956697
0.1024686373797993
0.2160025494972167
0.1114060970171963
0.3775676611062972
0.07303881520814599
0.1804122215128057
0.04100197325247908
0.05232544116568186
0.1467771414526238
0.1866327905929233
0.273815669842803
0.1631403895677938
0.1909335219474831
0.3353583377380442
0.1889443800406864
0.1988066850990029
0.2030033165521161
0.1352603846681332
0.1102448008120199
0.05442540375097581
0.204417626763652
0.1546771226977655
0.2593076391285487
0.2052243707783391
0.2523704894723092
0.1581136174172883
0.1493694553442137
0.2345252274547428
0.1477724349618511
0.1010342380454245
0.0712944203854369
0.6694169324532477
0.5955075065558154
0.6833988000394584
0.8506502980632394
0.9495977131608827
0.9380247430743766
0.9126761810284709
0.9615535279694735
0.8091291199291949
0.9754022715361319
0.9682837913052537
0.02108955295536676
0.139744733388024
0.2374650871270502
0.8714805532591267
0.163918133948234
0.8110673468550584
0.04457447679078924
0.7498948076815182
0.1178450658264571
0.2666628023040972
0.5129419934753082
0.08769202435417697
0.2842077676509626
0.1039963549635211
0.1092715397622375
0.1286647785892577
0.1053888700022435
0.1097352714986493
0.1163803425833289
0.1180924935715831
0.1510458286601739
0.0881253147318347
0.2710280376848623
0.2710280376848623
0.2710280376848623
0.2710280376848623
0.2710280376848623
0.2710280376848623
0.2710280376848623
0.2710280376848623
0.2710280376848623
0.2710280376848623
0.2710280376848623
0.6252545291674365
0.572460363362232
0.5245561884625273
0.7229970760188243
0.9393034892088985
0.9805158887922846
0.9736710240083212
0.9758830690017239
0.8084645875750857
0.9777050785508185
0.9810922236709579
0.04715609699625474
0.4750301596868513
0.4750301596868513
0.1808037332726105
0.9254337545516981
0.408416835439631
0.8679855536346237
0.2349367461774182
0.8815380071186883
0.2285803101487014
0.4048734933990983
0.1600000000000019
0.1600000000000022
0.1600000000000027
0.1600000000000022
0.1600000000000024
0.1600000000000021
0.1600000000000028
0.1600000000000021
0.1600000000000015
0.1600000000000023
0.1600000000000018
0.7619867213167949
0.7053510345321521
0.7053510345321521
0.7053510345321521
0.8141967271403571
0.7724938077069097
0.8300578794601146
0.7444490148707799
0.6109080490134279
0.5520467618354528
0.4044499367277971
0.7393403746968087
0.7393403746968087
0.4485759831168454
1.586828555212595
0.1148559470527972
1.198175094950613
0.6140862427617506
2.114555147637646
0.4507242436749878
0.3569309602783032
0.2741142854490674
0.06956502415055271
0.06956502415055271
0.3317433683973083
0.2120388834160574
0.01154229984516691
0.1009782124844417
0.02497552118228163
0.4308912579481223
0.008296160395239055
0.06717571927063014
0.01603240270400893
0.000248126566097743
0.000248126566097743
0.0002408327730268158
0.0002303803747039537
0.000208207955010107
0.09268173049670429
0.0001956616255050304
0.0002303803747039537
0.0001904940489793938
0.0002279693811095359
0.1372552494382791
1026
1
262153
3
dim
13
2
11
20
1026
1
262153
8
dimnames
19
2
16
11
262153
11
(Intercept)
262153
11
(Intercept)
262153
0

262153
0

262153
0

262153
0

262153
0

262153
0

262153
0

262153
0

262153
0

16
20
262153
4
Year
262153
5
Dsurv
262153
4
DtoF
262153
4
DtoD
262153
4
DtoM
262153
5
Ssurv
262153
4
StoF
262153
4
StoD
262153
4
StoM
262153
5
Msurv
262153
4
MtoF
262153
4
MtoD
262153
4
MtoM
262153
5
Fsurv
262153
4
FtoF
262153
4
FtoD
262153
4
FtoM
262153
10
Fec.toSRec
262153
10
Fec.toMRec
262153
10
Fec.toFRec
254
254
