RDA2
A
2
197123
131840
1026
1
262153
9
VR4.sheep
526
520
1989
1990
1991
1992
1993
1994
1995
1996
1997
1998
1999
2000
2001
2002
2003
2004
2005
2006
2007
2008
2009
2010
2011
2012
2013
2014
1
1
1
1
1
1
1
1
1
1
1
1
1
1
1
1
1
1
1
1
1
1
1
1
1
1
0.1464981204792894
0.03864233502885907
0.07176001751791627
0.03864233502885907
0.1804858045613936
0.02235722120989122
0.05546503651916004
0.02730703250329878
0.02188961337402377
0.1101949568837244
0.1397014857857471
0.03003168938714853
0.305219255606314
0.02144598589369017
0.1698376101569923
0.02188961337402377
0.3061458391436259
0.02814168257382796
0.08206633271535053
0.02188961337402377
0.09110756067686487
0.1397014857857471
0.03674780819923253
0.02904642088516108
0.01919166998840581
0.03003168938714853
0.3311593224912438
0.4832172497820332
0.2343325756885863
0.4832172497820332
0.425307636836238
0.3755106343752507
0.255798806466592
0.4671030728432246
0.3005149867955967
0.204347807753961
0.3172752223057773
0.6475286345878817
0.3855069150314161
0.4774937802288737
0.3883955943984231
0.3005149867955967
0.3934830757947259
0.5381565694445563
0.3153641729449401
0.5582909450912015
0.2745761209598216
0.2367442070255971
0.3076703267628519
0.5146636333162888
0.2978782784824558
0.1907262151449906
0.5008219168406469
0.3025370048776245
0.5008219168406469
0.3025370048776245
0.4258241553191802
0.382040405511725
0.382040405511725
0.2547410782288131
0.3747458592154246
0.6967392783419064
0.4645284740395314
0.5021937678628333
0.6910169880580341
0.5007107945184625
0.469015742223611
0.6263030368332978
0.4086856819371155
0.5653265945904256
0.1861590188188116
0.5432547770931667
0.3708108369129248
0.2240413661526046
0.2025325573312975
0.2025325573312975
0.08436259153635986
0.1307133088310985
0.9171876633695906
0.8828101843865709
0.8280322002780854
0.7506968581316122
0.8816651950666518
0.8816651950666518
0.8797876944296887
0.6034104098327964
0.8507792813443695
0.8198666647437267
0.8635960827840249
0.8164303112993253
0.8239053798000439
0.8341491258780186
0.8092710745173769
0.6987081562829732
0.901581006647036
0.7426566918127444
0.8375113720180746
0.8467336507261047
0.794941755089646
0.8654449295309626
0.6986488820506236
0.3785152390909046
0.943259729580323
0.9459823262281037
0.1023525326632092
0.0441224350947711
0.1672675608101289
0.01007993819319487
0.197239549856344
0.01007993819319487
0.08910569069837662
0.01109984198077264
0.01021146773621827
0.1594181549889122
0.01642345193078603
0.01200436045994124
0.2847304821177849
0.01311852314019854
0.1801664421993988
0.01911183050252306
0.284033404440547
0.01688148422805738
0.1426918222437241
0.02073761639174132
0.06074910069756128
0.06878160846315734
0.01942828673359423
0.01220808384725232
0.01180891412111631
0.01126710017042294
0.06840700301264696
0.2006860464837714
0.09645312316129297
0.4770800246908452
0.1133792485031408
0.1312419354032936
0.1316962418722286
0.1958535553407739
0.380102926068473
0.2296072827143173
0.1923688055634252
0.3573021004502391
0.2473785175004825
0.194625303585972
0.1652622480424274
0.2455716299851834
0.2721042342970529
0.2940342732962685
0.1609157524593021
0.2931353598055357
0.2118280021748037
0.08398721302689921
0.1125487017320416
0.4250607188783711
0.07585842752458569
0.05425516528564479
0.5202037272752696
0.06540323281477957
0.5636639136174885
0.05449381262672883
0.5771776336411717
0.1005049598048035
0.4519580749449856
0.3840926402728311
0.3665255292524224
0.7544208014683287
0.6043563465151677
0.2790082797925097
0.5268468337721648
0.3873448800197329
0.6360499381578462
0.4988986368319571
0.4502277568987462
0.2380250628391198
0.2342683359612122
0.363275675621076
0.4135985048884044
0.1776396167779628
0.1221426355474969
0.06540323281477957
0.06588741062086811
0.05983230622940931
0.9505338247009276
0.8721927983972754
0.9356608285579888
0.9216701220911454
0.9365015271335646
0.9442274210847943
0.907864061874324
0.9142735537247647
0.8982277543905264
0.9239352397620754
0.8942650624909751
0.9188313833317769
0.9130388257198907
0.9594907588035945
0.9199129137932568
0.8880163387830653
0.9561205573701183
0.9451985378351729
0.9360671525999612
0.9198295228885266
0.9076530582544895
0.9030675584049764
0.8667164749216348
0.6076183611167714
0.9224815016388028
0.9224815016388028
0.4563266841379841
0.01942964456194798
0.5234817881434313
0.0155726830102802
0.6705910207255459
0.04220617058262854
0.5327700646050083
0.1457349404602465
0.03481276965719634
0.5394938563534462
0.392169469461176
0.01332389649684207
0.4887700555275518
0.0155726830102802
0.4148467385285008
0.03337651068220442
0.8374804532780198
0.07679730551507331
0.2385276073356048
0.05409610049837487
0.2986104557722679
0.2955627156686603
0.1257171760004245
0.03025923407813586
0.1336045167791254
0.09491939968273999
0.1228528739584053
0.1451156534103193
0.1546902965840494
0.4053100896746134
0.1644084421857741
0.1529242094223022
0.1615339340919326
0.1927554760233882
0.1827389805377357
0.2058517497194253
0.1234791234160447
0.2417169856290411
0.2428966793813967
0.1217389447591033
0.2454199753131393
0.1933662000718668
0.2139192311487102
0.1651641545131416
0.2669991981833035
0.2564060763267124
0.1281964415932243
0.09558590857081736
0.1391080808929571
0.2327703542306825
0.2213749556704706
0.1717090031993582
0.5008219168406469
0.3025370048776245
0.5008219168406469
0.3025370048776245
0.4258241553191802
0.382040405511725
0.382040405511725
0.2547410782288131
0.3747458592154246
0.6967392783419064
0.4645284740395314
0.5021937678628333
0.6910169880580341
0.5007107945184625
0.469015742223611
0.6263030368332978
0.4086856819371155
0.5653265945904256
0.1861590188188116
0.5432547770931667
0.3708108369129248
0.2240413661526046
0.2025325573312975
0.2025325573312975
0.08436259153635986
0.1307133088310985
0.8996464785472846
0.9206289177668102
0.9029387923607531
0.8894502964018562
0.8978755955031376
0.9262992509890685
0.8996464785472846
0.8661166251247843
0.8860612404108495
0.9013319013716622
0.9019760350157064
0.8954861815869416
0.8996464785472846
0.9218611096008027
0.9013319013716622
0.8893421200560604
0.9029387923607531
0.8425385419325232
0.8996464785472846
0.9197186593824215
0.887658883185932
0.8956808478163477
0.8949354789394555
0.8483373327997931
0.8978755955031376
0.8978755955031376
0.6506450409602507
0.1173037626997355
0.828209795766497
0.02134506633469568
0.2010721639626461
0.01820817344123784
0.6506450409602507
0.2214318111292752
0.1120501390026282
0.4110001591057498
0.492155652913307
0.03983798178397879
0.6506450409602507
0.0526432617433682
0.7727707040794891
0.06203518758532804
0.828209795766497
0.009045837338561694
0.115141791765904
0.1235942078588903
0.3018503945676275
0.6052854052838025
0.2882083934807351
0.04297739008805107
0.2010721639626461
0.2010721639626461
0.1367762972012035
0.09459943054416825
0.1367762972012035
0.3300444596272784
0.1367762972012035
0.05216769815738682
0.1367762972012035
0.08159731219341156
0.1787303078991961
0.2284960981977669
0.09784084973908323
0.2521445883426011
0.1367762972012035
0.1367762972012035
0.1250528054518238
0.1367762972012035
0.08039571654316431
0.2653683586188106
0.1252250016223648
0.1347520032434232
0.1160389904868725
0.09197559942551413
0.1250976354129475
0.3533186378207693
0.1367762972012035
0.1367762972012035
0.7271255190705138
0.6852432120756572
0.7271255190705138
0.4062166495694881
0.7271255190705138
0.8418429301723961
0.7271255190705138
0.8152360306017286
0.7896459711503921
0.7271255190705138
0.8105281665828343
0.7028081455744078
0.7271255190705138
0.7919076472267893
0.7271255190705138
0.8897563134408655
0.7271255190705138
0.5843783399287427
0.7602396877558336
0.8018466512145047
0.6742228147107427
0.6163087104747841
0.6379968111793309
0.4825310084000634
0.7271255190705138
0.7271255190705138
0.7616609225298092
0.7616609225298092
9.816157610869791
0.1837127308573942
20.05904597803467
0.7691229001979659
10.12781945425934
0.3019461391630394
0.8438853329079379
1.595746523181942
0.5614046148562334
0.144179285128414
7.177350102567154
0.05942968517999522
0.9762029593380058
0.1085806247942105
2.416952079019785
0.04747934349654489
12.59644478293266
0.2406366019018309
4.69535508332691
1.620151228531185
0.7501563678522759
0.06065707177052157
0.2838985101156896
0.2838985101156896
0.1003727075764882
0.1003727075764882
2.069090186526809
0.01743918255060051
2.255709455744498
0.04569857483415951
1.664217494897164
0.01390361828343429
0.08089231894407788
0.2580592927244375
0.1726555044380587
0.08034777448046114
1.664217494897164
0.06729581244460274
0.8314607673180522
0.07322421441158918
0.4151232097953008
0.02873854888140001
0.7582173084896923
0.02086769184678508
0.3414438795256722
0.02018687704617113
0.01579411318845498
0.02652269685604892
0.07373962498003558
0.07373962498003558
0.0001403379481686149
0.0001403379481686149
0.0001381453727823562
0.0001285283528923908
0.0001397800516848164
0.0001276713250871077
0.0001392287476796931
0.0001244022936874618
0.0001335630512185275
0.0001386838990387024
0.02410062425864099
0.000122856195706174
0.0001392287476796931
0.0001199231529590518
0.0001386838990387024
0.0001213642233230337
0.186886156981429
0.0001093682592874637
0.0001392287476796931
0.0001312039604736418
0.0001376130399024113
0.0001307466840692578
0.0001268307378799946
0.0001340500529382046
0.0001397800516848164
0.0001397800516848164
1026
1
262153
3
dim
13
2
26
20
1026
1
262153
8
dimnames
19
2
16
26
262153
11
(Intercept)
262153
11
(Intercept)
262153
0

262153
0

262153
0

262153
0

262153
0

262153
0

262153
0

262153
0

262153
0

262153
0

262153
0

262153
0

262153
0

262153
0

262153
0

262153
0

262153
0

262153
0

262153
0

262153
0

262153
0

262153
0

262153
0

262153
0

16
20
262153
4
Year
262153
5
Dsurv
262153
4
DtoF
262153
4
DtoD
262153
4
DtoM
262153
5
Ssurv
262153
4
StoF
262153
4
StoD
262153
4
StoM
262153
5
Msurv
262153
4
MtoF
262153
4
MtoD
262153
4
MtoM
262153
5
Fsurv
262153
4
FtoF
262153
4
FtoD
262153
4
FtoM
262153
10
Fec.toSRec
262153
10
Fec.toMRec
262153
10
Fec.toFRec
254
254
