RDA2
A
2
197123
131840
1026
1
262153
10
VR4.devitt
526
520
1989
1990
1991
1992
1993
1994
1995
1996
1997
1998
1999
2000
2001
2002
2003
2004
2005
2006
2007
2008
2009
2010
2011
2012
2013
2014
1
1
1
1
1
1
1
1
1
1
1
1
1
1
1
1
1
1
1
1
1
1
1
1
1
1
0.1805635414118163
0.1805635414118163
0.2266954053544587
0.254550147546767
0.393915934458829
0.1805635414118163
0.2692917749055951
0.1453106744103783
0.08304080472446168
0.1093120136964772
0.1805635414118163
0.1335396358046552
0.1883692078088506
0.3654286551072448
0.0863022462271443
0.2027913121877396
0.2426346653596981
0.1059465004962702
0.2765389896879029
0.3435442343236363
0.1239964904117194
0.2053522476195931
0.1034941324465831
0.1883692078088506
0.1093120136964772
0.254550147546767
0.3549863299144296
0.3549863299144296
0.385285633105283
0.3152193013294354
0.3549863299144296
0.3549863299144296
0.2114532450923849
0.385285633105283
0.3418456310052419
0.275457256617712
0.5442809240548235
0.4054413665388576
0.4951359894475448
0.4142910665749533
0.579816611020013
0.3943243567485132
0.1771112865569801
0.26097845010723
0.4316542107218742
0.3196941648224522
0.26097845010723
0.3903833194481317
0.4054413665388576
0.34554051315187
0.3152193013294354
0.3549863299144296
0.5540608377310108
0.5540608377310108
0.5629669170415373
0.5429484604750653
0.5540608377310108
0.5540608377310108
0.5481535700305544
0.5629669170415373
0.5464590687536869
0.5949518448156011
0.5540608377310108
0.5322341203515804
0.5629669170415373
0.5663200978793571
0.5605519784967066
0.578680765904298
0.5260514511995381
0.5605519784967066
0.5540608377310108
0.5605519784967066
0.5605519784967066
0.5310083082731178
0.5714877002023787
0.5119582693602293
0.5429484604750653
0.5540608377310108
0.8927642960348189
0.8870471599086055
0.7205069763521913
0.8870471599086055
0.8533195270130064
0.8049790875081109
0.8608787921450578
0.7773112107525316
0.8675073822379552
0.9208390406664013
0.8274281410093463
0.9011625459010275
0.9179117320908541
0.7966312991926341
0.9290289903289292
0.9127993109778573
0.8695479322097273
0.8553682383085429
0.8984547587000276
0.9096037348614168
0.9021514769336335
0.8203303079325226
0.7022942059217501
0.7587394845473536
0.9252235199209921
0.8977503294803547
0.05437846274057746
0.05895909741295072
0.4169065410453361
0.05895909741295072
0.1465444044002581
0.05065490977350914
0.2482488968437227
0.03882531107627203
0.04490077231140266
0.03580276118316046
0.03580276118316046
0.1544946482305672
0.05505761816721047
0.02788895172801214
0.03122835319926043
0.101138427770889
0.0333176668706988
0.2393903659176828
0.2491342524183959
0.1091603052644585
0.04754723130302903
0.0372353414847565
0.2491342524183957
0.06480130389896489
0.07533651718842728
0.2853025670475369
0.145208987235607
0.1494883835458827
0.1592135111155686
0.1494883835458827
0.145208987235607
0.2029578080252193
0.145208987235607
0.2332206392859041
0.1341518943633016
0.1415066698808346
0.1653512814393202
0.1797252395771057
0.1555465910976201
0.225255269168904
0.2494922887973863
0.1561361711978288
0.1152984358792292
0.1475430502739452
0.1483465345828105
0.1604600970523467
0.1651197254189468
0.1448203042475332
0.2025205061980455
0.1541371647325807
0.1175593303842067
0.1494883835458827
0.396208411524485
0.472144330682632
0.4074940538301389
0.4174529787388823
0.44752351456061
0.4174529787388823
0.44752351456061
0.3603379207599128
0.4771837117122927
0.5190290976564057
0.3437540908723478
0.372615666935878
0.3509534069246666
0.4654991084863373
0.4998490214313728
0.3450680899862597
0.4654991084863373
0.3846059706510267
0.3969732477345131
0.4057632871438853
0.3309546579901714
0.3816453155017134
0.5224737962779278
0.3845991614524395
0.2778209618094381
0.3645170847859032
0.8806216905575021
0.876007254269502
0.9010939552974374
0.8944381661513339
0.9010939552974374
0.899540269214849
0.8737157876489594
0.8903606122380141
0.8885868115852613
0.9166875337333551
0.8857600882949076
0.89586024945461
0.8967598245023199
0.9115215191007284
0.8300841686945256
0.8602983821735641
0.8505637570629063
0.8392435499756934
0.8581321822644894
0.8944381661513339
0.8806216905575021
0.8719030140199386
0.8916731607050991
0.8283617401046163
0.8962182483850047
0.8925696706533902
0.5669354502131462
0.2665852279214517
0.6826619667886905
0.2322945398547644
0.4136041777646763
0.09150976568077958
0.3796151679077089
0.276414415602938
0.1458338031927769
0.4809497622952533
0.1095203163690739
0.6210866480225481
0.1600832465989277
0.144849840744449
0.3769971632217021
0.3454622240813737
0.06872696017108026
0.6722864175652437
0.6271569352984873
0.6459049727043453
0.2065739263151258
0.06034701227896816
0.7923347463785603
0.2065739263151258
0.1070027289257843
0.2665852279214517
0.1417353507746275
0.2232923186473996
0.2507722863535544
0.1210668201315039
0.1133556918379257
0.2870996020930974
0.2505125421670741
0.3636698835809522
0.2015420316460883
0.128280517026606
0.06037551906511042
0.215241687663164
0.3180335743682311
0.108264913896443
0.3680337491386409
0.2955770037685844
0.1172613918781808
0.1421695008843449
0.3405389500497744
0.2886149536601305
0.2738713390882113
0.07100797799220306
0.2232923186473996
0.1133556918379257
0.1068039258690439
0.1303258274656638
0.5540608377310108
0.5540608377310108
0.5629669170415373
0.5429484604750653
0.5540608377310108
0.5540608377310108
0.5481535700305544
0.5629669170415373
0.5464590687536869
0.5949518448156011
0.5540608377310108
0.5322341203515804
0.5629669170415373
0.5663200978793571
0.5605519784967066
0.578680765904298
0.5260514511995381
0.5605519784967066
0.5540608377310108
0.5605519784967066
0.5605519784967066
0.5310083082731178
0.5714877002023787
0.5119582693602293
0.5429484604750653
0.5540608377310108
0.9053366050418941
0.8414102562725966
0.8775546134717458
0.8478073623284339
0.8729990188794661
0.8980011675006103
0.8488977139488421
0.8696687718425609
0.8729990188794661
0.8933797733457873
0.8377295615060041
0.8933797733457873
0.913282897166936
0.936857117231998
0.8980011675006103
0.8707045941745444
0.8455549582063033
0.8679624833036755
0.9179456059747554
0.9407074892490613
0.7479289104807171
0.9053366050418941
0.889029225834432
0.7465113921063684
0.9121737957759615
0.8933797733457873
0.9529848032838617
0.3878495083950332
0.7896603148413389
0.3536759704710658
0.9010286815622388
0.20366817245656
0.7692238226741388
0.300680817181544
0.2695360510759948
0.8322993347438705
0.07470624918047329
0.5280593859152861
0.8726249726612114
0.4236080677828791
0.5831204426773958
0.4520140168143122
0.2567643719161995
0.8864116465488161
0.9490066474329772
0.9192374554879899
0.429111499943805
0.1091606910593134
0.7692238226741388
0.4741873220413984
0.08766448924842275
0.5280593859152861
0.1933333333333571
0.1933333333333551
0.1933333333333495
0.1933333333333686
0.1933333333333551
0.1933333333334163
0.1933333333333551
0.1933333333333981
0.1933333333333323
0.1933333333333551
0.193333333333298
0.1933333333333495
0.1933333333333437
0.1933333333333343
0.1933333333333857
0.1933333333334163
0.1933333333333696
0.1933333333333551
0.1933333333333495
0.1933333333333676
0.1933333333333648
0.1933333333333047
0.1933333333333551
0.1933333333333094
0.193333333333339
0.1933333333333495
0.8126781210933469
0.7464391096235676
0.7777463554628077
0.7081181389261946
0.7464391096235676
0.7081181389261946
0.7464391096235676
0.8438349764992513
0.8322463487855659
0.7464391096235676
0.7777625716143961
0.7777463554628077
0.8005810879318163
0.7487104414606517
0.8181699671386146
0.6233792427000322
0.8325857430487764
0.7464391096235676
0.7777463554628077
0.6874313851270715
0.7827046252765197
0.7103627028325211
0.7464391096235676
0.6050006619660042
0.3291127737877474
0.6412784318030847
0.195281338140101
0.195281338140101
0.2682526441716473
0.04042461020521739
0.5951607609274254
0.1597869336781111
2.975677159395434
0.0974949094287009
0.7472272495508867
4.880436351881324
0.5100302377833027
3.922498259175079
0.4825844391111403
0.1313603951929202
0.1597869336781111
0.1063749426302601
0.369272465081852
0.3541615088877821
0.06864340610093822
0.01964752577353991
0.1110096757850846
0.08306796446936535
1.27703419829711
0.06253826861335851
0.05823139561094402
0.3746023373434831
0.1141566880043236
0.1141566880043236
0.239446040789163
0.07783131771096521
0.2704744258606188
0.2102317705913302
1.88677888106323
0.1456516681546478
0.4073082476376857
1.88677888106323
0.1456516681546478
1.88677888106323
0.1889803546296575
0.05497744231114896
0.2102317705913302
0.06075192172097899
0.3123749687841155
0.05848438734732442
0.02109404027642793
0.05207121432702272
0.05019651611172237
0.03350173707333732
0.4251277337929139
0.02723934812254687
0.04769656276119726
0.07939269376235703
0.00705820234343758
0.00705820234343758
0.005757779695873124
0.004877157163256431
0.08469754520814635
0.005061785772985849
1.008913031187916
0.005061785772985849
0.005901898977842168
0.006602646717459268
0.005061785772985849
0.006602646717459268
0.004485747621090369
0.02979118560606524
0.04780049687813476
0.004417224012488919
0.004417224012488919
0.2576056868878732
0.003681148265875847
0.01808414239075503
0.003256910930103133
0.00479150572921595
0.006819161703940384
0.004288205336447688
0.005623197899108188
0.006602646717459268
1026
1
262153
3
dim
13
2
26
20
1026
1
262153
8
dimnames
19
2
16
26
262153
11
(Intercept)
262153
11
(Intercept)
262153
0

262153
0

262153
0

262153
0

262153
0

262153
0

262153
0

262153
0

262153
0

262153
0

262153
0

262153
0

262153
0

262153
0

262153
0

262153
0

262153
0

262153
0

262153
0

262153
0

262153
0

262153
0

262153
0

262153
0

16
20
262153
4
Year
262153
5
Dsurv
262153
4
DtoF
262153
4
DtoD
262153
4
DtoM
262153
5
Ssurv
262153
4
StoF
262153
4
StoD
262153
4
StoM
262153
5
Msurv
262153
4
MtoF
262153
4
MtoD
262153
4
MtoM
262153
5
Fsurv
262153
4
FtoF
262153
4
FtoD
262153
4
FtoM
262153
10
Fec.toSRec
262153
10
Fec.toMRec
262153
10
Fec.toFRec
254
254
